1 0 2022 41
2 0 2022 18467
3 0 2022 6334
4 0 2022 26500
5 0 2022 19169
6 0 2022 15724
7 0 2022 11478
8 0 2022 29358
9 0 2022 26962
10 0 2022 24464
11 0 2022 5705
12 0 2022 28145
13 0 2022 23281
14 0 2022 16827
15 0 2022 9961
16 0 2022 491
17 0 2022 2995
18 0 2022 11942
19 0 2022 4827
20 0 2022 5436
21 0 2022 32391
22 0 2022 14604
23 0 2022 3902
24 0 2022 153
25 0 2022 292
26 0 2022 12382
27 0 2022 17421
28 0 2022 18716
29 0 2022 19718
30 0 2022 19895
31 0 2022 5447
1 1 2022 21726
2 1 2022 14771
3 1 2022 11538
4 1 2022 1869
5 1 2022 19912
6 1 2022 25667
7 1 2022 26299
8 1 2022 17035
9 1 2022 9894
10 1 2022 28703
11 1 2022 23811
12 1 2022 31322
13 1 2022 30333
14 1 2022 17673
15 1 2022 4664
16 1 2022 15141
17 1 2022 7711
18 1 2022 28253
19 1 2022 6868
20 1 2022 25547
21 1 2022 27644
22 1 2022 32662
23 1 2022 32757
24 1 2022 20037
25 1 2022 12859
26 1 2022 8723
27 1 2022 9741
28 1 2022 27529
1 2 2022 778
2 2 2022 12316
3 2 2022 3035
4 2 2022 22190
5 2 2022 1842
6 2 2022 288
7 2 2022 30106
8 2 2022 9040
9 2 2022 8942
10 2 2022 19264
11 2 2022 22648
12 2 2022 27446
13 2 2022 23805
14 2 2022 15890
15 2 2022 6729
16 2 2022 24370
17 2 2022 15350
18 2 2022 15006
19 2 2022 31101
20 2 2022 24393
21 2 2022 3548
22 2 2022 19629
23 2 2022 12623
24 2 2022 24084
25 2 2022 19954
26 2 2022 18756
27 2 2022 11840
28 2 2022 4966
29 2 2022 7376
30 2 2022 13931
31 2 2022 26308
1 3 2022 16944
2 3 2022 32439
3 3 2022 24626
4 3 2022 11323
5 3 2022 5537
6 3 2022 21538
7 3 2022 16118
8 3 2022 2082
9 3 2022 22929
10 3 2022 16541
11 3 2022 4833
12 3 2022 31115
13 3 2022 4639
14 3 2022 29658
15 3 2022 22704
16 3 2022 9930
17 3 2022 13977
18 3 2022 2306
19 3 2022 31673
20 3 2022 22386
21 3 2022 5021
22 3 2022 28745
23 3 2022 26924
24 3 2022 19072
25 3 2022 6270
26 3 2022 5829
27 3 2022 26777
28 3 2022 15573
29 3 2022 5097
30 3 2022 16512
1 4 2022 23986
2 4 2022 13290
3 4 2022 9161
4 4 2022 18636
5 4 2022 22355
6 4 2022 24767
7 4 2022 23655
8 4 2022 15574
9 4 2022 4031
10 4 2022 12052
11 4 2022 27350
12 4 2022 1150
13 4 2022 16941
14 4 2022 21724
15 4 2022 13966
16 4 2022 3430
17 4 2022 31107
18 4 2022 30191
19 4 2022 18007
20 4 2022 11337
21 4 2022 15457
22 4 2022 12287
23 4 2022 27753
24 4 2022 10383
25 4 2022 14945
26 4 2022 8909
27 4 2022 32209
28 4 2022 9758
29 4 2022 24221
30 4 2022 18588
31 4 2022 6422
1 5 2022 24946
2 5 2022 27506
3 5 2022 13030
4 5 2022 16413
5 5 2022 29168
6 5 2022 900
7 5 2022 32591
8 5 2022 18762
9 5 2022 1655
10 5 2022 17410
11 5 2022 6359
12 5 2022 27624
13 5 2022 20537
14 5 2022 21548
15 5 2022 6483
16 5 2022 27595
17 5 2022 4041
18 5 2022 3602
19 5 2022 24350
20 5 2022 10291
21 5 2022 30836
22 5 2022 9374
23 5 2022 11020
24 5 2022 4596
25 5 2022 24021
26 5 2022 27348
27 5 2022 23199
28 5 2022 19668
29 5 2022 24484
30 5 2022 8281
1 6 2022 4734
2 6 2022 53
3 6 2022 1999
4 6 2022 26418
5 6 2022 27938
6 6 2022 6900
7 6 2022 3788
8 6 2022 18127
9 6 2022 467
10 6 2022 3728
11 6 2022 14893
12 6 2022 24648
13 6 2022 22483
14 6 2022 17807
15 6 2022 2421
16 6 2022 14310
17 6 2022 6617
18 6 2022 22813
19 6 2022 9514
20 6 2022 14309
21 6 2022 7616
22 6 2022 18935
23 6 2022 17451
24 6 2022 20600
25 6 2022 5249
26 6 2022 16519
27 6 2022 31556
28 6 2022 22798
29 6 2022 30303
30 6 2022 6224
31 6 2022 11008
1 7 2022 5844
2 7 2022 32609
3 7 2022 14989
4 7 2022 32702
5 7 2022 3195
6 7 2022 20485
7 7 2022 3093
8 7 2022 14343
9 7 2022 30523
10 7 2022 1587
11 7 2022 29314
12 7 2022 9503
13 7 2022 7448
14 7 2022 25200
15 7 2022 13458
16 7 2022 6618
17 7 2022 20580
18 7 2022 19796
19 7 2022 14798
20 7 2022 15281
21 7 2022 19589
22 7 2022 20798
23 7 2022 28009
24 7 2022 27157
25 7 2022 20472
26 7 2022 23622
27 7 2022 18538
28 7 2022 12292
29 7 2022 6038
30 7 2022 24179
31 7 2022 18190
1 8 2022 29657
2 8 2022 7958
3 8 2022 6191
4 8 2022 19815
5 8 2022 22888
6 8 2022 19156
7 8 2022 11511
8 8 2022 16202
9 8 2022 2634
10 8 2022 24272
11 8 2022 20055
12 8 2022 20328
13 8 2022 22646
14 8 2022 26362
15 8 2022 4886
16 8 2022 18875
17 8 2022 28433
18 8 2022 29869
19 8 2022 20142
20 8 2022 23844
21 8 2022 1416
22 8 2022 21881
23 8 2022 31998
24 8 2022 10322
25 8 2022 18651
26 8 2022 10021
27 8 2022 5699
28 8 2022 3557
29 8 2022 28476
30 8 2022 27892
1 9 2022 24389
2 9 2022 5075
3 9 2022 10712
4 9 2022 2600
5 9 2022 2510
6 9 2022 21003
7 9 2022 26869
8 9 2022 17861
9 9 2022 14688
10 9 2022 13401
11 9 2022 9789
12 9 2022 15255
13 9 2022 16423
14 9 2022 5002
15 9 2022 10585
16 9 2022 24182
17 9 2022 10285
18 9 2022 27088
19 9 2022 31426
20 9 2022 28617
21 9 2022 23757
22 9 2022 9832
23 9 2022 30932
24 9 2022 4169
25 9 2022 2154
26 9 2022 25721
27 9 2022 17189
28 9 2022 19976
29 9 2022 31329
30 9 2022 2368
31 9 2022 28692
1 10 2022 21425
2 10 2022 10555
3 10 2022 3434
4 10 2022 16549
5 10 2022 7441
6 10 2022 9512
7 10 2022 30145
8 10 2022 18060
9 10 2022 21718
10 10 2022 3753
11 10 2022 16139
12 10 2022 12423
13 10 2022 16279
14 10 2022 25996
15 10 2022 16687
16 10 2022 12529
17 10 2022 22549
18 10 2022 17437
19 10 2022 19866
20 10 2022 12949
21 10 2022 193
22 10 2022 23195
23 10 2022 3297
24 10 2022 20416
25 10 2022 28286
26 10 2022 16105
27 10 2022 24488
28 10 2022 16282
29 10 2022 12455
30 10 2022 25734
1 11 2022 18114
2 11 2022 11701
3 11 2022 31316
4 11 2022 20671
5 11 2022 5786
6 11 2022 12263
7 11 2022 4313
8 11 2022 24355
9 11 2022 31185
10 11 2022 20053
11 11 2022 912
12 11 2022 10808
13 11 2022 1832
14 11 2022 20945
15 11 2022 4313
16 11 2022 27756
17 11 2022 28321
18 11 2022 19558
19 11 2022 23646
20 11 2022 27982
21 11 2022 481
22 11 2022 4144
23 11 2022 23196
24 11 2022 20222
25 11 2022 7129
26 11 2022 2161
27 11 2022 5535
28 11 2022 20450
29 11 2022 11173
30 11 2022 10466
31 11 2022 12044